  warnings.warn(msg)
1/1 ━━━━━━━━━━━━━━━━━━━━ 0s 448ms/step
Layer 1 - conv2d_6
[[[-0.        -0.        -0.        ... -0.        -0.        -0.       ]
  [ 5.309864   2.7424212  3.2595644 ...  3.15497    3.2091494  2.8465843]
  [ 5.966961   3.584735   3.3610764 ...  3.1755397  3.4430227  2.9476013]
  ...
  [ 5.53253    8.275456  13.682859  ...  9.602604   9.081486   4.062416 ]
  [ 3.8396738  2.994509   3.2775378 ...  5.9507933  6.7051315  3.579626 ]
  [-0.        -0.        -0.        ... -0.        -0.        -0.       ]]]
--------------------------------------------------
Layer 2 - batch_normalization_6
[[[ -0.35975447  -0.35975447  -0.35975447 ...  -0.35975447  -0.35975447
    -0.35975447]
  [138.47269     71.34397     84.865265   ...  82.13052     83.54711
    74.06744   ]
  [155.65323     93.36722     87.51942    ...  82.66835     89.661995
    76.70864   ]
  ...
  [144.29454    216.01147    357.3942     ... 250.71126    237.08603
   105.85674   ]
  [100.03289     77.93509     85.335205   ... 155.23051    174.95355
    93.23364   ]
  [ -0.35975447  -0.35975447  -0.35975447 ...  -0.35975447  -0.35975447
    -0.35975447]]]
--------------------------------------------------
Layer 3 - max_pooling2d_6
[[[ 1.38472687e+02  8.76332169e+01  8.58852768e+01  8.29531326e+01
    8.67895966e+01  7.86959534e+01  7.83728027e+01  8.32089233e+01
    9.29681473e+01  9.06282806e+01  8.95479965e+01  8.63863525e+01
    8.13510056e+01  8.17545242e+01  8.21305237e+01  8.35471115e+01]
  [ 1.55653229e+02  8.75194168e+01  8.01678543e+01  8.30948334e+01
    9.12658539e+01  9.07809219e+01  9.11461182e+01  8.06434174e+01
    8.70225677e+01  9.27108841e+01  9.68504562e+01  1.01356346e+02
    9.96167603e+01  1.12736816e+02  1.07166557e+02  9.87530594e+01]
  [ 1.69869644e+02  1.23420662e+02  9.87138596e+01  1.05259972e+02
    1.06220863e+02  1.02142212e+02  9.84552460e+01  8.00355759e+01
    1.05247604e+02  1.03746773e+02  1.07025314e+02  1.05009262e+02
    1.03530220e+02  1.04443939e+02  1.04993156e+02  9.99273682e+01]
  [ 1.53565430e+02  8.73336487e+01  8.65825577e+01  7.91333084e+01
    8.93180695e+01  8.71048965e+01  2.48252853e+02  3.84204346e+02
    3.44112274e+02  1.21637131e+02  1.20145699e+02  1.14481087e+02
    1.15910118e+02  1.30710022e+02  1.37454086e+02  1.18604385e+02]
  [ 1.77394226e+02  9.64103012e+01  9.52209549e+01  7.98426971e+01
    8.36605835e+01  8.16805725e+01  1.68880295e+02 -3.59754473e-01
    1.08837181e+02  8.39461212e+01  9.68126755e+01  1.03462044e+02
    1.09044930e+02  1.10485565e+02  1.07517738e+02  1.00454720e+02]
  [ 1.65638412e+02  1.00436806e+02  9.27017288e+01  9.21807632e+01
    9.40412521e+01  1.01945641e+02  3.40943665e+02  3.21562805e+02
    1.71927002e+02  9.31523819e+01  1.06698990e+02  1.26870201e+02
    1.26143600e+02  1.02111000e+02  1.09624077e+02  1.09435997e+02]
  [ 1.47639984e+02  9.19274216e+01  9.02441711e+01  8.73448639e+01
    8.00177917e+01  1.11272163e+02  1.82143311e+02  9.25862579e+01
    1.12571297e+02  2.58274750e+02  3.48251038e+02  2.32941879e+02
    1.17956947e+02  1.21508255e+02  1.23911156e+02  1.17499519e+02]
  [ 1.41695984e+02  8.28184204e+01  8.51593628e+01  8.41842346e+01
    8.55972214e+01  2.74150299e+02  4.71930267e+02  6.58732239e+02
    7.56177063e+02  3.15357391e+02  6.21155167e+01  1.68283813e+02
    1.16667862e+02  9.59772110e+01  1.00821465e+02  9.60963745e+01]
  [ 1.41489273e+02  8.36275864e+01  7.74923019e+01  7.21887741e+01
    7.41677094e+01  9.74026108e+01  1.65536835e+02  3.72897911e+01
    5.98170776e+02  7.00891846e+02  1.71087631e+02  9.14679565e+01
    8.39832458e+01  9.30741882e+01  1.10537743e+02  1.06762947e+02]
  [ 1.44670151e+02  7.99037781e+01  7.34333038e+01  7.42671661e+01
    1.01060883e+02  4.55223846e+02  6.44053711e+02  7.94315979e+02
    4.25249207e+02  3.64400909e+02  3.04371643e+02  1.22337303e+02
    8.84623108e+01  8.51419296e+01  8.24315338e+01  8.26678543e+01]
  [ 1.37393707e+02  1.04958923e+02  1.09677551e+02  8.25929565e+01
    8.88487244e+01  1.33666992e+02  3.53393021e+01  9.87605743e+01
    2.43274124e+02  2.82418488e+02  6.40199738e+01  1.05355858e+02
    1.18391525e+02  1.22246490e+02  1.26801697e+02  1.25958733e+02]
  [ 1.86106506e+02  7.49758301e+01 -3.59754473e-01  4.80566711e+01
    1.62926163e+02 -3.59754473e-01  3.95466736e+02  2.80366943e+02
    3.44180359e+02  3.51458008e+02  4.81866791e+02  1.45816284e+02
   -3.59754473e-01 -3.59754473e-01  5.40549469e+01  8.73100586e+01]
  [ 1.61913239e+02  1.79450241e+02  4.00909851e+02  8.30136658e+02
    1.06356384e+03  8.87033691e+02  6.51513916e+02  6.07752441e+02
    1.11498024e+02 -3.59754473e-01  1.54275101e+02  1.99736374e+02
    9.27215347e+01  2.51079006e+01  6.24028091e+01  1.31169998e+02]
  [ 1.19142380e+02  4.38701721e+02  6.00890015e+02  1.00586195e+01
   -3.59754473e-01  7.00157532e+02  1.03334875e+03  9.67716553e+02
    9.77656921e+02  1.10094409e+03  1.18901086e+03  1.17242297e+03
    8.80815247e+02  6.33664734e+02  8.00826416e+02  5.03981354e+02]
  [ 2.16011475e+02  3.86963257e+02  3.66291687e+02  2.03878235e+02
    3.04458618e+02  3.58630493e+02  4.37839874e+02  5.65007874e+02
    4.46705322e+02  1.51067459e+02  4.50944366e+01 -3.59754473e-01
    8.89680786e+01  9.24910660e+01  2.50711258e+02  2.37086029e+02]
  [ 1.00032890e+02  1.08120979e+02  2.61065338e+02  4.06914215e+02
    3.66854370e+02  3.79638519e+02  3.23734711e+02  1.34337143e+02
    3.07236298e+02  3.32340027e+02  2.95686646e+02  2.75942749e+02
    2.16185867e+02  1.36616501e+02  1.55230515e+02  1.74953552e+02]]]
--------------------------------------------------
Layer 4 - dropout_8
[[[ 1.38472687e+02  8.76332169e+01  8.58852768e+01  8.29531326e+01
    8.67895966e+01  7.86959534e+01  7.83728027e+01  8.32089233e+01
    9.29681473e+01  9.06282806e+01  8.95479965e+01  8.63863525e+01
    8.13510056e+01  8.17545242e+01  8.21305237e+01  8.35471115e+01]
  [ 1.55653229e+02  8.75194168e+01  8.01678543e+01  8.30948334e+01
    9.12658539e+01  9.07809219e+01  9.11461182e+01  8.06434174e+01
    8.70225677e+01  9.27108841e+01  9.68504562e+01  1.01356346e+02
    9.96167603e+01  1.12736816e+02  1.07166557e+02  9.87530594e+01]
  [ 1.69869644e+02  1.23420662e+02  9.87138596e+01  1.05259972e+02
    1.06220863e+02  1.02142212e+02  9.84552460e+01  8.00355759e+01
    1.05247604e+02  1.03746773e+02  1.07025314e+02  1.05009262e+02
    1.03530220e+02  1.04443939e+02  1.04993156e+02  9.99273682e+01]
  [ 1.53565430e+02  8.73336487e+01  8.65825577e+01  7.91333084e+01
    8.93180695e+01  8.71048965e+01  2.48252853e+02  3.84204346e+02
    3.44112274e+02  1.21637131e+02  1.20145699e+02  1.14481087e+02
    1.15910118e+02  1.30710022e+02  1.37454086e+02  1.18604385e+02]
  [ 1.77394226e+02  9.64103012e+01  9.52209549e+01  7.98426971e+01
    8.36605835e+01  8.16805725e+01  1.68880295e+02 -3.59754473e-01
    1.08837181e+02  8.39461212e+01  9.68126755e+01  1.03462044e+02
    1.09044930e+02  1.10485565e+02  1.07517738e+02  1.00454720e+02]
  [ 1.65638412e+02  1.00436806e+02  9.27017288e+01  9.21807632e+01
    9.40412521e+01  1.01945641e+02  3.40943665e+02  3.21562805e+02
    1.71927002e+02  9.31523819e+01  1.06698990e+02  1.26870201e+02
    1.26143600e+02  1.02111000e+02  1.09624077e+02  1.09435997e+02]
  [ 1.47639984e+02  9.19274216e+01  9.02441711e+01  8.73448639e+01
    8.00177917e+01  1.11272163e+02  1.82143311e+02  9.25862579e+01
    1.12571297e+02  2.58274750e+02  3.48251038e+02  2.32941879e+02
    1.17956947e+02  1.21508255e+02  1.23911156e+02  1.17499519e+02]
  [ 1.41695984e+02  8.28184204e+01  8.51593628e+01  8.41842346e+01
    8.55972214e+01  2.74150299e+02  4.71930267e+02  6.58732239e+02
    7.56177063e+02  3.15357391e+02  6.21155167e+01  1.68283813e+02
    1.16667862e+02  9.59772110e+01  1.00821465e+02  9.60963745e+01]
  [ 1.41489273e+02  8.36275864e+01  7.74923019e+01  7.21887741e+01
    7.41677094e+01  9.74026108e+01  1.65536835e+02  3.72897911e+01
    5.98170776e+02  7.00891846e+02  1.71087631e+02  9.14679565e+01
    8.39832458e+01  9.30741882e+01  1.10537743e+02  1.06762947e+02]
  [ 1.44670151e+02  7.99037781e+01  7.34333038e+01  7.42671661e+01
    1.01060883e+02  4.55223846e+02  6.44053711e+02  7.94315979e+02
    4.25249207e+02  3.64400909e+02  3.04371643e+02  1.22337303e+02
    8.84623108e+01  8.51419296e+01  8.24315338e+01  8.26678543e+01]
  [ 1.37393707e+02  1.04958923e+02  1.09677551e+02  8.25929565e+01
    8.88487244e+01  1.33666992e+02  3.53393021e+01  9.87605743e+01
    2.43274124e+02  2.82418488e+02  6.40199738e+01  1.05355858e+02
    1.18391525e+02  1.22246490e+02  1.26801697e+02  1.25958733e+02]
  [ 1.86106506e+02  7.49758301e+01 -3.59754473e-01  4.80566711e+01
    1.62926163e+02 -3.59754473e-01  3.95466736e+02  2.80366943e+02
    3.44180359e+02  3.51458008e+02  4.81866791e+02  1.45816284e+02
   -3.59754473e-01 -3.59754473e-01  5.40549469e+01  8.73100586e+01]
  [ 1.61913239e+02  1.79450241e+02  4.00909851e+02  8.30136658e+02
    1.06356384e+03  8.87033691e+02  6.51513916e+02  6.07752441e+02
    1.11498024e+02 -3.59754473e-01  1.54275101e+02  1.99736374e+02
    9.27215347e+01  2.51079006e+01  6.24028091e+01  1.31169998e+02]
  [ 1.19142380e+02  4.38701721e+02  6.00890015e+02  1.00586195e+01
   -3.59754473e-01  7.00157532e+02  1.03334875e+03  9.67716553e+02
    9.77656921e+02  1.10094409e+03  1.18901086e+03  1.17242297e+03
    8.80815247e+02  6.33664734e+02  8.00826416e+02  5.03981354e+02]
  [ 2.16011475e+02  3.86963257e+02  3.66291687e+02  2.03878235e+02
    3.04458618e+02  3.58630493e+02  4.37839874e+02  5.65007874e+02
    4.46705322e+02  1.51067459e+02  4.50944366e+01 -3.59754473e-01
    8.89680786e+01  9.24910660e+01  2.50711258e+02  2.37086029e+02]
  [ 1.00032890e+02  1.08120979e+02  2.61065338e+02  4.06914215e+02
    3.66854370e+02  3.79638519e+02  3.23734711e+02  1.34337143e+02
    3.07236298e+02  3.32340027e+02  2.95686646e+02  2.75942749e+02
    2.16185867e+02  1.36616501e+02  1.55230515e+02  1.74953552e+02]]]
--------------------------------------------------
Layer 5 - conv2d_7
[[[ -0.        -0.        -0.        -0.        -0.        -0.
    -0.        -0.        -0.        -0.        -0.        -0.
    -0.        -0.        -0.       100.38995 ]
  [ -0.        -0.        -0.        -0.        -0.        -0.
    -0.        -0.        -0.        -0.        -0.        -0.
    -0.        -0.        -0.        -0.      ]
  [ -0.        -0.        -0.        -0.        -0.        -0.
    -0.        -0.        -0.        -0.        -0.        -0.
    -0.        -0.        -0.        -0.      ]
  [ -0.        -0.        -0.        -0.        -0.        -0.
    -0.        -0.        -0.        -0.        -0.        -0.
    -0.        -0.        -0.        -0.      ]
  [ -0.        -0.        -0.        -0.        -0.        -0.
    -0.        -0.        -0.        -0.        -0.        -0.
    -0.        -0.        -0.        -0.      ]
  [ -0.        -0.        -0.        -0.        -0.        -0.
    -0.        -0.        -0.        -0.        -0.        -0.
    -0.        -0.        -0.        -0.      ]
  [ -0.        -0.        -0.        -0.        -0.        -0.
    -0.        -0.        -0.        -0.        -0.        -0.
    -0.        -0.        -0.        -0.      ]
  [ -0.        -0.        -0.        -0.        -0.        -0.
    -0.        -0.        -0.        -0.        -0.        -0.
    -0.        -0.        -0.        -0.      ]
  [ -0.        -0.        -0.        -0.        -0.        -0.
    -0.        -0.        -0.        -0.        -0.        -0.
    -0.        -0.        -0.        -0.      ]
  [ -0.        -0.        -0.        -0.        -0.        -0.
    -0.        -0.        -0.        -0.        -0.        -0.
    -0.        -0.        -0.        -0.      ]
  [ -0.        -0.        -0.        -0.        -0.        -0.
    -0.        -0.        -0.        -0.        -0.        -0.
    -0.        -0.        -0.        -0.      ]
  [ -0.        -0.        -0.        -0.        -0.        -0.
    -0.        -0.        -0.        -0.        -0.        -0.
    -0.        -0.        -0.        -0.      ]
  [ -0.        -0.        -0.        -0.        -0.        -0.
    -0.        -0.        -0.        -0.        -0.        -0.
    -0.        -0.        -0.        -0.      ]
  [ -0.        -0.        -0.        -0.        -0.        26.009806
    -0.        -0.        -0.        -0.        -0.        -0.
    -0.        -0.        -0.        -0.      ]
  [ -0.        -0.        -0.        -0.        -0.        -0.
    -0.        -0.        -0.        -0.        -0.        -0.
    -0.        -0.        -0.        -0.      ]
  [ -0.        -0.        -0.        -0.        -0.        -0.
    -0.        -0.        -0.        -0.        -0.        -0.
    -0.        -0.        -0.        -0.      ]]]
--------------------------------------------------
Layer 6 - batch_normalization_7
[[[ -0.40206015  -0.40206015  -0.40206015  -0.40206015  -0.40206015
    -0.40206015  -0.40206015  -0.40206015  -0.40206015  -0.40206015
    -0.40206015  -0.40206015  -0.40206015  -0.40206015  -0.40206015
   293.0823    ]
  [ -0.40206015  -0.40206015  -0.40206015  -0.40206015  -0.40206015
    -0.40206015  -0.40206015  -0.40206015  -0.40206015  -0.40206015
    -0.40206015  -0.40206015  -0.40206015  -0.40206015  -0.40206015
    -0.40206015]
  [ -0.40206015  -0.40206015  -0.40206015  -0.40206015  -0.40206015
    -0.40206015  -0.40206015  -0.40206015  -0.40206015  -0.40206015
    -0.40206015  -0.40206015  -0.40206015  -0.40206015  -0.40206015
    -0.40206015]
  [ -0.40206015  -0.40206015  -0.40206015  -0.40206015  -0.40206015
    -0.40206015  -0.40206015  -0.40206015  -0.40206015  -0.40206015
    -0.40206015  -0.40206015  -0.40206015  -0.40206015  -0.40206015
    -0.40206015]
  [ -0.40206015  -0.40206015  -0.40206015  -0.40206015  -0.40206015
    -0.40206015  -0.40206015  -0.40206015  -0.40206015  -0.40206015
    -0.40206015  -0.40206015  -0.40206015  -0.40206015  -0.40206015
    -0.40206015]
  [ -0.40206015  -0.40206015  -0.40206015  -0.40206015  -0.40206015
    -0.40206015  -0.40206015  -0.40206015  -0.40206015  -0.40206015
    -0.40206015  -0.40206015  -0.40206015  -0.40206015  -0.40206015
    -0.40206015]
  [ -0.40206015  -0.40206015  -0.40206015  -0.40206015  -0.40206015
    -0.40206015  -0.40206015  -0.40206015  -0.40206015  -0.40206015
    -0.40206015  -0.40206015  -0.40206015  -0.40206015  -0.40206015
    -0.40206015]
  [ -0.40206015  -0.40206015  -0.40206015  -0.40206015  -0.40206015
    -0.40206015  -0.40206015  -0.40206015  -0.40206015  -0.40206015
    -0.40206015  -0.40206015  -0.40206015  -0.40206015  -0.40206015
    -0.40206015]
  [ -0.40206015  -0.40206015  -0.40206015  -0.40206015  -0.40206015
    -0.40206015  -0.40206015  -0.40206015  -0.40206015  -0.40206015
    -0.40206015  -0.40206015  -0.40206015  -0.40206015  -0.40206015
    -0.40206015]
  [ -0.40206015  -0.40206015  -0.40206015  -0.40206015  -0.40206015
    -0.40206015  -0.40206015  -0.40206015  -0.40206015  -0.40206015
    -0.40206015  -0.40206015  -0.40206015  -0.40206015  -0.40206015
    -0.40206015]
  [ -0.40206015  -0.40206015  -0.40206015  -0.40206015  -0.40206015
    -0.40206015  -0.40206015  -0.40206015  -0.40206015  -0.40206015
    -0.40206015  -0.40206015  -0.40206015  -0.40206015  -0.40206015
    -0.40206015]
  [ -0.40206015  -0.40206015  -0.40206015  -0.40206015  -0.40206015
    -0.40206015  -0.40206015  -0.40206015  -0.40206015  -0.40206015
    -0.40206015  -0.40206015  -0.40206015  -0.40206015  -0.40206015
    -0.40206015]
  [ -0.40206015  -0.40206015  -0.40206015  -0.40206015  -0.40206015
    -0.40206015  -0.40206015  -0.40206015  -0.40206015  -0.40206015
    -0.40206015  -0.40206015  -0.40206015  -0.40206015  -0.40206015
    -0.40206015]
  [ -0.40206015  -0.40206015  -0.40206015  -0.40206015  -0.40206015
    75.63614     -0.40206015  -0.40206015  -0.40206015  -0.40206015
    -0.40206015  -0.40206015  -0.40206015  -0.40206015  -0.40206015
    -0.40206015]
  [ -0.40206015  -0.40206015  -0.40206015  -0.40206015  -0.40206015
    -0.40206015  -0.40206015  -0.40206015  -0.40206015  -0.40206015
    -0.40206015  -0.40206015  -0.40206015  -0.40206015  -0.40206015
    -0.40206015]
  [ -0.40206015  -0.40206015  -0.40206015  -0.40206015  -0.40206015
    -0.40206015  -0.40206015  -0.40206015  -0.40206015  -0.40206015
    -0.40206015  -0.40206015  -0.40206015  -0.40206015  -0.40206015
    -0.40206015]]]
--------------------------------------------------
Layer 7 - max_pooling2d_7
[[[ -0.40206015  -0.40206015  -0.40206015  -0.40206015  -0.40206015
    -0.40206015  -0.40206015 293.0823    ]
  [ -0.40206015  -0.40206015  -0.40206015  -0.40206015  -0.40206015
    -0.40206015  -0.40206015  -0.40206015]
  [ -0.40206015  -0.40206015  -0.40206015  -0.40206015  -0.40206015
    -0.40206015  -0.40206015  -0.40206015]
  [ -0.40206015  -0.40206015  -0.40206015  -0.40206015  -0.40206015
    -0.40206015  -0.40206015  -0.40206015]
  [ -0.40206015  -0.40206015  -0.40206015  -0.40206015  -0.40206015
    -0.40206015  -0.40206015  -0.40206015]
  [ -0.40206015  -0.40206015  -0.40206015  -0.40206015  -0.40206015
    -0.40206015  -0.40206015  -0.40206015]
  [ -0.40206015  -0.40206015  75.63614     -0.40206015  -0.40206015
    -0.40206015  -0.40206015  -0.40206015]
  [ -0.40206015  -0.40206015  -0.40206015  -0.40206015  -0.40206015
    -0.40206015  -0.40206015  -0.40206015]]]
--------------------------------------------------
Layer 8 - dropout_9
[[[ -0.40206015  -0.40206015  -0.40206015  -0.40206015  -0.40206015
    -0.40206015  -0.40206015 293.0823    ]
  [ -0.40206015  -0.40206015  -0.40206015  -0.40206015  -0.40206015
    -0.40206015  -0.40206015  -0.40206015]
  [ -0.40206015  -0.40206015  -0.40206015  -0.40206015  -0.40206015
    -0.40206015  -0.40206015  -0.40206015]
  [ -0.40206015  -0.40206015  -0.40206015  -0.40206015  -0.40206015
    -0.40206015  -0.40206015  -0.40206015]
  [ -0.40206015  -0.40206015  -0.40206015  -0.40206015  -0.40206015
    -0.40206015  -0.40206015  -0.40206015]
  [ -0.40206015  -0.40206015  -0.40206015  -0.40206015  -0.40206015
    -0.40206015  -0.40206015  -0.40206015]
  [ -0.40206015  -0.40206015  75.63614     -0.40206015  -0.40206015
    -0.40206015  -0.40206015  -0.40206015]
  [ -0.40206015  -0.40206015  -0.40206015  -0.40206015  -0.40206015
    -0.40206015  -0.40206015  -0.40206015]]]
--------------------------------------------------
Layer 9 - conv2d_8
[[[  -0.         91.20088   335.2456    362.99286   303.4366
    228.27594   122.9781    491.13928 ]
  [  -0.        122.35258    81.2434     54.989853   62.480164
     -0.         -0.        762.2732  ]
  [  -0.        307.868     152.1362    394.87372   508.21304
    203.13283    53.680725  730.8404  ]
  [  -0.        284.40387   183.34348   312.54825    -0.
    206.54529    42.728172  642.8478  ]
  [  -0.        532.3389    242.88681    -0.        421.68445
    705.1803    338.71964   738.5654  ]
  [  -0.         -0.         68.16236   521.75       -0.
    336.30695   261.7103    910.65735 ]
  [  -0.         92.5869     -0.        442.86313   588.63794
    482.94644   237.88062  1237.4658  ]
  [  -0.         -0.         -0.        422.0543    743.9258
    986.98303   607.4623    946.6423  ]]]
--------------------------------------------------
Layer 10 - batch_normalization_8
[[[ -0.84424883  35.759262   133.70671    144.84308    120.94016
    90.7744      48.51306    196.2747    ]
  [ -0.84424883  48.26201     31.762821    21.22595     24.23219
    -0.84424883  -0.84424883 305.09442   ]
  [ -0.84424883 122.718704    60.215675   157.63847    203.12726
    80.6832      20.700531   292.47885   ]
  [ -0.84424883 113.30136     72.74073    124.59712     -0.84424883
    82.05279     16.30472    257.163     ]
  [ -0.84424883 212.8102      96.63847     -0.84424883 168.39897
   282.18018    135.10101    295.57928   ]
  [ -0.84424883  -0.84424883  26.512741   208.56032     -0.84424883
   134.13268    104.19329    364.64847   ]
  [ -0.84424883  36.31554     -0.84424883 176.89905    235.40582
   192.9865      94.629234   495.81317   ]
  [ -0.84424883  -0.84424883  -0.84424883 168.54741    297.73068
   395.2818     242.96098    379.09103   ]]]
--------------------------------------------------
Layer 11 - max_pooling2d_8
[[[ 48.26201  144.84308  120.94016  305.09442 ]
  [122.718704 157.63847  203.12726  292.47885 ]
  [212.8102   208.56032  282.18018  364.64847 ]
  [ 36.31554  176.89905  395.2818   495.81317 ]]]
--------------------------------------------------
Layer 12 - dropout_10
[[[ 48.26201  144.84308  120.94016  305.09442 ]
  [122.718704 157.63847  203.12726  292.47885 ]
  [212.8102   208.56032  282.18018  364.64847 ]
  [ 36.31554  176.89905  395.2818   495.81317 ]]]
--------------------------------------------------
Layer 13 - flatten_2
[[48.26201    -0.23270333 -0.3368311  ... -0.37318766 -0.53792995
  -0.33870837]]
--------------------------------------------------
Layer 14 - dense_4
[[1.7670406e+00 0.0000000e+00 0.0000000e+00 0.0000000e+00 0.0000000e+00
  0.0000000e+00 0.0000000e+00 0.0000000e+00 0.0000000e+00 0.0000000e+00
  0.0000000e+00 0.0000000e+00 0.0000000e+00 0.0000000e+00 0.0000000e+00
  8.8171130e+02 6.9322772e+02 0.0000000e+00 0.0000000e+00 0.0000000e+00
  0.0000000e+00 0.0000000e+00 0.0000000e+00 0.0000000e+00 0.0000000e+00
  0.0000000e+00 0.0000000e+00 0.0000000e+00 0.0000000e+00 0.0000000e+00
  0.0000000e+00 0.0000000e+00 0.0000000e+00 0.0000000e+00 0.0000000e+00
  0.0000000e+00 0.0000000e+00 0.0000000e+00 0.0000000e+00 0.0000000e+00
  0.0000000e+00 0.0000000e+00 0.0000000e+00 0.0000000e+00 0.0000000e+00
  0.0000000e+00 0.0000000e+00 0.0000000e+00 0.0000000e+00 0.0000000e+00
  0.0000000e+00 0.0000000e+00 0.0000000e+00 0.0000000e+00 0.0000000e+00
  7.2544937e+01 0.0000000e+00 4.7733093e+02 0.0000000e+00 7.9074225e+02
  0.0000000e+00 0.0000000e+00 0.0000000e+00 0.0000000e+00 0.0000000e+00
  0.0000000e+00 0.0000000e+00 0.0000000e+00 0.0000000e+00 0.0000000e+00
  0.0000000e+00 0.0000000e+00 0.0000000e+00 0.0000000e+00 0.0000000e+00
  0.0000000e+00 0.0000000e+00 0.0000000e+00 0.0000000e+00 0.0000000e+00
  0.0000000e+00 0.0000000e+00 0.0000000e+00 1.0508417e+02 0.0000000e+00
  0.0000000e+00 0.0000000e+00 0.0000000e+00 0.0000000e+00 0.0000000e+00
  0.0000000e+00 0.0000000e+00 0.0000000e+00 0.0000000e+00 0.0000000e+00
  0.0000000e+00 0.0000000e+00 0.0000000e+00 2.2994989e+02 0.0000000e+00
  0.0000000e+00 0.0000000e+00 0.0000000e+00 0.0000000e+00 0.0000000e+00
  0.0000000e+00 0.0000000e+00 0.0000000e+00 0.0000000e+00 0.0000000e+00
  0.0000000e+00 0.0000000e+00 0.0000000e+00 0.0000000e+00 5.9769550e+01
  0.0000000e+00 0.0000000e+00 0.0000000e+00 0.0000000e+00 0.0000000e+00
  0.0000000e+00 0.0000000e+00 0.0000000e+00 0.0000000e+00 0.0000000e+00
  0.0000000e+00 0.0000000e+00 0.0000000e+00 0.0000000e+00 0.0000000e+00
  0.0000000e+00 0.0000000e+00 0.0000000e+00 0.0000000e+00 0.0000000e+00
  0.0000000e+00 0.0000000e+00 0.0000000e+00 0.0000000e+00 0.0000000e+00
  0.0000000e+00 0.0000000e+00 0.0000000e+00 0.0000000e+00 0.0000000e+00
  0.0000000e+00 0.0000000e+00 0.0000000e+00 0.0000000e+00 0.0000000e+00
  2.6686159e+01 0.0000000e+00 0.0000000e+00 0.0000000e+00 0.0000000e+00
  0.0000000e+00 0.0000000e+00 0.0000000e+00 0.0000000e+00 0.0000000e+00
  0.0000000e+00 0.0000000e+00 0.0000000e+00 1.0641525e+02 0.0000000e+00
  0.0000000e+00 0.0000000e+00 0.0000000e+00 0.0000000e+00 0.0000000e+00
  0.0000000e+00 0.0000000e+00 0.0000000e+00 0.0000000e+00 0.0000000e+00
  0.0000000e+00 0.0000000e+00 0.0000000e+00 0.0000000e+00 0.0000000e+00
  0.0000000e+00 0.0000000e+00 0.0000000e+00 0.0000000e+00 0.0000000e+00
  0.0000000e+00 0.0000000e+00 6.6772316e+01 0.0000000e+00 0.0000000e+00
  0.0000000e+00 0.0000000e+00 0.0000000e+00 0.0000000e+00 0.0000000e+00
  0.0000000e+00 0.0000000e+00 0.0000000e+00 0.0000000e+00 0.0000000e+00
  1.5511868e+02 0.0000000e+00 0.0000000e+00 0.0000000e+00 0.0000000e+00
  9.9810768e+01 0.0000000e+00 0.0000000e+00 0.0000000e+00 0.0000000e+00
  0.0000000e+00 0.0000000e+00 1.9521388e+03 0.0000000e+00 0.0000000e+00
  0.0000000e+00 0.0000000e+00 0.0000000e+00 0.0000000e+00 0.0000000e+00
  0.0000000e+00 0.0000000e+00 0.0000000e+00 0.0000000e+00 0.0000000e+00
  6.4315430e+02 0.0000000e+00 0.0000000e+00 0.0000000e+00 0.0000000e+00
  0.0000000e+00 0.0000000e+00 0.0000000e+00 0.0000000e+00 0.0000000e+00
  0.0000000e+00 0.0000000e+00 0.0000000e+00 0.0000000e+00 0.0000000e+00
  0.0000000e+00 0.0000000e+00 0.0000000e+00 0.0000000e+00 0.0000000e+00
  0.0000000e+00 0.0000000e+00 0.0000000e+00 0.0000000e+00 0.0000000e+00
  0.0000000e+00 0.0000000e+00 0.0000000e+00 0.0000000e+00 0.0000000e+00
  0.0000000e+00 0.0000000e+00 0.0000000e+00 0.0000000e+00 0.0000000e+00
  0.0000000e+00 0.0000000e+00 0.0000000e+00 0.0000000e+00 0.0000000e+00
  1.3869094e+03 0.0000000e+00 0.0000000e+00 0.0000000e+00 0.0000000e+00
  0.0000000e+00 0.0000000e+00 0.0000000e+00 1.1214836e+03 0.0000000e+00
  0.0000000e+00 0.0000000e+00 0.0000000e+00 0.0000000e+00 1.1393079e+03
  2.3140196e+02 0.0000000e+00 0.0000000e+00 0.0000000e+00 0.0000000e+00
  0.0000000e+00 0.0000000e+00 0.0000000e+00 0.0000000e+00 0.0000000e+00
  0.0000000e+00 0.0000000e+00 0.0000000e+00 0.0000000e+00 0.0000000e+00
  0.0000000e+00 0.0000000e+00 0.0000000e+00 0.0000000e+00 0.0000000e+00
  0.0000000e+00 0.0000000e+00 0.0000000e+00 0.0000000e+00 0.0000000e+00
  0.0000000e+00 0.0000000e+00 0.0000000e+00 0.0000000e+00 0.0000000e+00
  0.0000000e+00 0.0000000e+00 0.0000000e+00 0.0000000e+00 0.0000000e+00
  0.0000000e+00 0.0000000e+00 0.0000000e+00 0.0000000e+00 0.0000000e+00
  0.0000000e+00 0.0000000e+00 0.0000000e+00 0.0000000e+00 0.0000000e+00
  0.0000000e+00 0.0000000e+00 0.0000000e+00 0.0000000e+00 0.0000000e+00
  0.0000000e+00 0.0000000e+00 0.0000000e+00 0.0000000e+00 0.0000000e+00
  0.0000000e+00 0.0000000e+00 0.0000000e+00 3.7414716e+02 0.0000000e+00
  0.0000000e+00 0.0000000e+00 0.0000000e+00 0.0000000e+00 0.0000000e+00
  4.5854398e+02 0.0000000e+00 0.0000000e+00 0.0000000e+00 0.0000000e+00
  0.0000000e+00 0.0000000e+00 0.0000000e+00 0.0000000e+00 0.0000000e+00
  0.0000000e+00 0.0000000e+00 0.0000000e+00 0.0000000e+00 0.0000000e+00
  0.0000000e+00 0.0000000e+00 0.0000000e+00 0.0000000e+00 0.0000000e+00
  5.9578326e+02 0.0000000e+00 0.0000000e+00 0.0000000e+00 0.0000000e+00
  0.0000000e+00 0.0000000e+00 0.0000000e+00 0.0000000e+00 0.0000000e+00
  0.0000000e+00 0.0000000e+00 0.0000000e+00 0.0000000e+00 0.0000000e+00
  0.0000000e+00 0.0000000e+00 0.0000000e+00 0.0000000e+00 0.0000000e+00
  0.0000000e+00 0.0000000e+00 0.0000000e+00 2.7817807e+02 0.0000000e+00
  0.0000000e+00 4.7428625e+02 0.0000000e+00 0.0000000e+00 0.0000000e+00
  0.0000000e+00 0.0000000e+00 0.0000000e+00 0.0000000e+00 0.0000000e+00
  0.0000000e+00 0.0000000e+00 0.0000000e+00 0.0000000e+00 0.0000000e+00
  0.0000000e+00 0.0000000e+00 0.0000000e+00 0.0000000e+00 0.0000000e+00
  0.0000000e+00 0.0000000e+00 0.0000000e+00 0.0000000e+00 0.0000000e+00
  0.0000000e+00 0.0000000e+00 0.0000000e+00 0.0000000e+00 0.0000000e+00
  2.4684053e+02 0.0000000e+00 0.0000000e+00 0.0000000e+00 0.0000000e+00
  0.0000000e+00 0.0000000e+00 0.0000000e+00 0.0000000e+00 0.0000000e+00
  0.0000000e+00 0.0000000e+00 0.0000000e+00 0.0000000e+00 0.0000000e+00
  0.0000000e+00 0.0000000e+00 0.0000000e+00 0.0000000e+00 0.0000000e+00
  0.0000000e+00 0.0000000e+00 0.0000000e+00 0.0000000e+00 0.0000000e+00
  0.0000000e+00 0.0000000e+00 0.0000000e+00 0.0000000e+00 0.0000000e+00
  0.0000000e+00 0.0000000e+00 0.0000000e+00 0.0000000e+00 0.0000000e+00
  0.0000000e+00 0.0000000e+00 0.0000000e+00 0.0000000e+00 0.0000000e+00
  0.0000000e+00 0.0000000e+00 0.0000000e+00 0.0000000e+00 8.1741003e+02
  0.0000000e+00 0.0000000e+00 0.0000000e+00 0.0000000e+00 0.0000000e+00
  0.0000000e+00 0.0000000e+00 0.0000000e+00 0.0000000e+00 0.0000000e+00
  0.0000000e+00 0.0000000e+00 0.0000000e+00 0.0000000e+00 0.0000000e+00
  0.0000000e+00 0.0000000e+00 0.0000000e+00 0.0000000e+00 0.0000000e+00
  0.0000000e+00 0.0000000e+00 0.0000000e+00 0.0000000e+00 0.0000000e+00
  0.0000000e+00 0.0000000e+00 0.0000000e+00 0.0000000e+00 0.0000000e+00
  0.0000000e+00 0.0000000e+00 0.0000000e+00 0.0000000e+00 0.0000000e+00
  0.0000000e+00 0.0000000e+00 0.0000000e+00 1.1324050e+03 0.0000000e+00
  0.0000000e+00 0.0000000e+00 0.0000000e+00 0.0000000e+00 0.0000000e+00
  0.0000000e+00 0.0000000e+00]]
--------------------------------------------------
Layer 15 - dropout_11
[[1.7670406e+00 0.0000000e+00 0.0000000e+00 0.0000000e+00 0.0000000e+00
  0.0000000e+00 0.0000000e+00 0.0000000e+00 0.0000000e+00 0.0000000e+00
  0.0000000e+00 0.0000000e+00 0.0000000e+00 0.0000000e+00 0.0000000e+00
  8.8171130e+02 6.9322772e+02 0.0000000e+00 0.0000000e+00 0.0000000e+00
  0.0000000e+00 0.0000000e+00 0.0000000e+00 0.0000000e+00 0.0000000e+00
  0.0000000e+00 0.0000000e+00 0.0000000e+00 0.0000000e+00 0.0000000e+00
  0.0000000e+00 0.0000000e+00 0.0000000e+00 0.0000000e+00 0.0000000e+00
  0.0000000e+00 0.0000000e+00 0.0000000e+00 0.0000000e+00 0.0000000e+00
  0.0000000e+00 0.0000000e+00 0.0000000e+00 0.0000000e+00 0.0000000e+00
  0.0000000e+00 0.0000000e+00 0.0000000e+00 0.0000000e+00 0.0000000e+00
  0.0000000e+00 0.0000000e+00 0.0000000e+00 0.0000000e+00 0.0000000e+00
  7.2544937e+01 0.0000000e+00 4.7733093e+02 0.0000000e+00 7.9074225e+02
  0.0000000e+00 0.0000000e+00 0.0000000e+00 0.0000000e+00 0.0000000e+00
  0.0000000e+00 0.0000000e+00 0.0000000e+00 0.0000000e+00 0.0000000e+00
  0.0000000e+00 0.0000000e+00 0.0000000e+00 0.0000000e+00 0.0000000e+00
  0.0000000e+00 0.0000000e+00 0.0000000e+00 0.0000000e+00 0.0000000e+00
  0.0000000e+00 0.0000000e+00 0.0000000e+00 1.0508417e+02 0.0000000e+00
  0.0000000e+00 0.0000000e+00 0.0000000e+00 0.0000000e+00 0.0000000e+00
  0.0000000e+00 0.0000000e+00 0.0000000e+00 0.0000000e+00 0.0000000e+00
  0.0000000e+00 0.0000000e+00 0.0000000e+00 2.2994989e+02 0.0000000e+00
  0.0000000e+00 0.0000000e+00 0.0000000e+00 0.0000000e+00 0.0000000e+00
  0.0000000e+00 0.0000000e+00 0.0000000e+00 0.0000000e+00 0.0000000e+00
  0.0000000e+00 0.0000000e+00 0.0000000e+00 0.0000000e+00 5.9769550e+01
  0.0000000e+00 0.0000000e+00 0.0000000e+00 0.0000000e+00 0.0000000e+00
  0.0000000e+00 0.0000000e+00 0.0000000e+00 0.0000000e+00 0.0000000e+00
  0.0000000e+00 0.0000000e+00 0.0000000e+00 0.0000000e+00 0.0000000e+00
  0.0000000e+00 0.0000000e+00 0.0000000e+00 0.0000000e+00 0.0000000e+00
  0.0000000e+00 0.0000000e+00 0.0000000e+00 0.0000000e+00 0.0000000e+00
  0.0000000e+00 0.0000000e+00 0.0000000e+00 0.0000000e+00 0.0000000e+00
  0.0000000e+00 0.0000000e+00 0.0000000e+00 0.0000000e+00 0.0000000e+00
  2.6686159e+01 0.0000000e+00 0.0000000e+00 0.0000000e+00 0.0000000e+00
  0.0000000e+00 0.0000000e+00 0.0000000e+00 0.0000000e+00 0.0000000e+00
  0.0000000e+00 0.0000000e+00 0.0000000e+00 1.0641525e+02 0.0000000e+00
  0.0000000e+00 0.0000000e+00 0.0000000e+00 0.0000000e+00 0.0000000e+00
  0.0000000e+00 0.0000000e+00 0.0000000e+00 0.0000000e+00 0.0000000e+00
  0.0000000e+00 0.0000000e+00 0.0000000e+00 0.0000000e+00 0.0000000e+00
  0.0000000e+00 0.0000000e+00 0.0000000e+00 0.0000000e+00 0.0000000e+00
  0.0000000e+00 0.0000000e+00 6.6772316e+01 0.0000000e+00 0.0000000e+00
  0.0000000e+00 0.0000000e+00 0.0000000e+00 0.0000000e+00 0.0000000e+00
  0.0000000e+00 0.0000000e+00 0.0000000e+00 0.0000000e+00 0.0000000e+00
  1.5511868e+02 0.0000000e+00 0.0000000e+00 0.0000000e+00 0.0000000e+00
  9.9810768e+01 0.0000000e+00 0.0000000e+00 0.0000000e+00 0.0000000e+00
  0.0000000e+00 0.0000000e+00 1.9521388e+03 0.0000000e+00 0.0000000e+00
  0.0000000e+00 0.0000000e+00 0.0000000e+00 0.0000000e+00 0.0000000e+00
  0.0000000e+00 0.0000000e+00 0.0000000e+00 0.0000000e+00 0.0000000e+00
  6.4315430e+02 0.0000000e+00 0.0000000e+00 0.0000000e+00 0.0000000e+00
  0.0000000e+00 0.0000000e+00 0.0000000e+00 0.0000000e+00 0.0000000e+00
  0.0000000e+00 0.0000000e+00 0.0000000e+00 0.0000000e+00 0.0000000e+00
  0.0000000e+00 0.0000000e+00 0.0000000e+00 0.0000000e+00 0.0000000e+00
  0.0000000e+00 0.0000000e+00 0.0000000e+00 0.0000000e+00 0.0000000e+00
  0.0000000e+00 0.0000000e+00 0.0000000e+00 0.0000000e+00 0.0000000e+00
  0.0000000e+00 0.0000000e+00 0.0000000e+00 0.0000000e+00 0.0000000e+00
  0.0000000e+00 0.0000000e+00 0.0000000e+00 0.0000000e+00 0.0000000e+00
  1.3869094e+03 0.0000000e+00 0.0000000e+00 0.0000000e+00 0.0000000e+00
  0.0000000e+00 0.0000000e+00 0.0000000e+00 1.1214836e+03 0.0000000e+00
  0.0000000e+00 0.0000000e+00 0.0000000e+00 0.0000000e+00 1.1393079e+03
  2.3140196e+02 0.0000000e+00 0.0000000e+00 0.0000000e+00 0.0000000e+00
  0.0000000e+00 0.0000000e+00 0.0000000e+00 0.0000000e+00 0.0000000e+00
  0.0000000e+00 0.0000000e+00 0.0000000e+00 0.0000000e+00 0.0000000e+00
  0.0000000e+00 0.0000000e+00 0.0000000e+00 0.0000000e+00 0.0000000e+00
  0.0000000e+00 0.0000000e+00 0.0000000e+00 0.0000000e+00 0.0000000e+00
  0.0000000e+00 0.0000000e+00 0.0000000e+00 0.0000000e+00 0.0000000e+00
  0.0000000e+00 0.0000000e+00 0.0000000e+00 0.0000000e+00 0.0000000e+00
  0.0000000e+00 0.0000000e+00 0.0000000e+00 0.0000000e+00 0.0000000e+00
  0.0000000e+00 0.0000000e+00 0.0000000e+00 0.0000000e+00 0.0000000e+00
  0.0000000e+00 0.0000000e+00 0.0000000e+00 0.0000000e+00 0.0000000e+00
  0.0000000e+00 0.0000000e+00 0.0000000e+00 0.0000000e+00 0.0000000e+00
  0.0000000e+00 0.0000000e+00 0.0000000e+00 3.7414716e+02 0.0000000e+00
  0.0000000e+00 0.0000000e+00 0.0000000e+00 0.0000000e+00 0.0000000e+00
  4.5854398e+02 0.0000000e+00 0.0000000e+00 0.0000000e+00 0.0000000e+00
  0.0000000e+00 0.0000000e+00 0.0000000e+00 0.0000000e+00 0.0000000e+00
  0.0000000e+00 0.0000000e+00 0.0000000e+00 0.0000000e+00 0.0000000e+00
  0.0000000e+00 0.0000000e+00 0.0000000e+00 0.0000000e+00 0.0000000e+00
  5.9578326e+02 0.0000000e+00 0.0000000e+00 0.0000000e+00 0.0000000e+00
  0.0000000e+00 0.0000000e+00 0.0000000e+00 0.0000000e+00 0.0000000e+00
  0.0000000e+00 0.0000000e+00 0.0000000e+00 0.0000000e+00 0.0000000e+00
  0.0000000e+00 0.0000000e+00 0.0000000e+00 0.0000000e+00 0.0000000e+00
  0.0000000e+00 0.0000000e+00 0.0000000e+00 2.7817807e+02 0.0000000e+00
  0.0000000e+00 4.7428625e+02 0.0000000e+00 0.0000000e+00 0.0000000e+00
  0.0000000e+00 0.0000000e+00 0.0000000e+00 0.0000000e+00 0.0000000e+00
  0.0000000e+00 0.0000000e+00 0.0000000e+00 0.0000000e+00 0.0000000e+00
  0.0000000e+00 0.0000000e+00 0.0000000e+00 0.0000000e+00 0.0000000e+00
  0.0000000e+00 0.0000000e+00 0.0000000e+00 0.0000000e+00 0.0000000e+00
  0.0000000e+00 0.0000000e+00 0.0000000e+00 0.0000000e+00 0.0000000e+00
  2.4684053e+02 0.0000000e+00 0.0000000e+00 0.0000000e+00 0.0000000e+00
  0.0000000e+00 0.0000000e+00 0.0000000e+00 0.0000000e+00 0.0000000e+00
  0.0000000e+00 0.0000000e+00 0.0000000e+00 0.0000000e+00 0.0000000e+00
  0.0000000e+00 0.0000000e+00 0.0000000e+00 0.0000000e+00 0.0000000e+00
  0.0000000e+00 0.0000000e+00 0.0000000e+00 0.0000000e+00 0.0000000e+00
  0.0000000e+00 0.0000000e+00 0.0000000e+00 0.0000000e+00 0.0000000e+00
  0.0000000e+00 0.0000000e+00 0.0000000e+00 0.0000000e+00 0.0000000e+00
  0.0000000e+00 0.0000000e+00 0.0000000e+00 0.0000000e+00 0.0000000e+00
  0.0000000e+00 0.0000000e+00 0.0000000e+00 0.0000000e+00 8.1741003e+02
  0.0000000e+00 0.0000000e+00 0.0000000e+00 0.0000000e+00 0.0000000e+00
  0.0000000e+00 0.0000000e+00 0.0000000e+00 0.0000000e+00 0.0000000e+00
  0.0000000e+00 0.0000000e+00 0.0000000e+00 0.0000000e+00 0.0000000e+00
  0.0000000e+00 0.0000000e+00 0.0000000e+00 0.0000000e+00 0.0000000e+00
  0.0000000e+00 0.0000000e+00 0.0000000e+00 0.0000000e+00 0.0000000e+00
  0.0000000e+00 0.0000000e+00 0.0000000e+00 0.0000000e+00 0.0000000e+00
  0.0000000e+00 0.0000000e+00 0.0000000e+00 0.0000000e+00 0.0000000e+00
  0.0000000e+00 0.0000000e+00 0.0000000e+00 1.1324050e+03 0.0000000e+00
  0.0000000e+00 0.0000000e+00 0.0000000e+00 0.0000000e+00 0.0000000e+00
  0.0000000e+00 0.0000000e+00]]
--------------------------------------------------
Layer 16 - dense_5
[[0. 0. 0. 0. 0. 0. 0. 0. 1. 0.]]
--------------------------------------------------
ship